竹慶金璽   121   75030.6400   1.61
國泰禾   111   103143.4855   1.08
幸福城邦NO2瑞典綠洲   120   79775.9881   1.50
協勝OHiYo海漾城   10   48076.0000   0.21
遇見春福   19   48389.3714   0.39
潤福豐謙   8   57301.5714   0.14
櫻花藝   168   71331.8833   2.36
遇見春福樂活區   21   49085.0000   0.43
德高南勢二街華廈   192   86011.0000   2.23
家悅   13   54688.0000   0.24
圓緣園   319   93110.0000   3.43
原美振興路華廈   330   76697.5000   4.30
嘉頤家美   383   75216.8000   5.09
昕天地   168   74488.1333   2.26
成真   162   73225.9615   2.21
睿昕   135   78413.0000   1.72
擎業水岸   213   69498.0000   3.06
城品翫   456   71125.1311   6.41
幸福城邦NO1瑞士花園   280   178849.0000   1.57
GO讚   17   55500.5333   0.31
墅好靚   6   52529.4286   0.11
盛峰my home-NO2   24   60608.9091   0.40
富春居   119   76859.0504   1.55
富源錦雅苑   129   75001.5000   1.72
鑫陞知昕   438   97490.1111   4.49
鴻柏織光   147   77711.3333   1.89
宏國宏安欣   15   70765.0000   0.21
衿雅邸   122   87953.5000   1.39
欣榮都匯   453   77145.0000   5.87
中山文華   425   82672.0000   5.14
優仕貴閣   114   76549.6000   1.49
火歌民生路華廈   446   59549.0000   7.49
昕未來   113   68648.7083   1.65
臨江賦   447   114257.0000   3.91
富宇文匯   202   77482.5714   2.61
昌益光華琚   346   67010.0000   5.16
貴筑園   11   71436.0000   0.15
盛峰my home   15   63530.0000   0.24
磐龍壹號樓   489   112508.4286   4.35
黃騰大吉   399   103320.0000   3.86
東城100   494   115163.6000   4.29
東方明珠   139   99138.0519   1.40
笎坤世璽   13   46611.0000   0.28
天玥   110   78119.5000   1.41
金山五街36號華廈   101   103190.5000   0.98
圓周綠   15   52930.0000   0.28
夢想家   14   46688.0000   0.30
清華遇   276   70592.0000   3.91
興傳   473   103899.9412   4.55
幸福名邸   6   54444.5000   0.11
春福HI INN   14   39609.0000   0.35
富宇-雲悅   109   85246.3333   1.28
昌傑典典   208   75414.0000   2.76
吉祥大亨   12   46095.0000   0.26
王喬文華匯   470   103580.7143   4.54
世紀鑫城世紀區   150   77152.0000   1.94
光武朵夫   124   95284.0000   1.30
18品   256   100083.0000   2.56
惠宇謙品   142   102147.0000   1.39
大塊維也納   376   56590.0000   6.64
富宇權峰   137   90874.0909   1.51
中山世紀   187   66696.2500   2.80
東園朵夫   341   81916.0000   4.16
斐瑟   437   78417.0000   5.57
麗寶美棧   392   85470.0000   4.59
峰華苑   493   95259.8000   5.18
春福若隱   360   77683.0000   4.63
北美館   475   96338.0000   4.93
愛凡斯   147   84608.5000   1.74
東方文華   121   101108.6667   1.20
達觀   8   38566.0000   0.21
親水園   185   76732.0000   2.41
東大HOLA   15   50580.0000   0.30
悠森朵夫   124   86106.0000   1.44
太睿國寶   494   86976.8000   5.68
展才賞掬園NO1   270   57131.5000   4.73
帝閣NO9   16   59002.0000   0.27
惠宇雲品   140   91542.0000   1.53
大塊藍山   152   64323.0000   2.36
昌益寶座   449   61738.0000   7.27
悅森朵夫   122   91063.0000   1.34
市中心   207   62232.0000   3.33
HI YOUNG   21   46784.3333   0.45
富宇九如   124   87473.2500   1.42
金鋐微美   71   75419.6667   0.94
Ur夢想市   142   82169.5000   1.73
賦竹   351   70845.0000   4.95
悅讀四季   149   65602.5000   2.27
大塊拿鐵   124   102790.0000   1.21
東京中城   115   104096.0000   1.10
野村常在   413   61711.5000   6.69
大任麗緻會館   255   79589.3333   3.20
昌禾蘇活   321   76721.0000   4.18
大任我行   454   88373.2000   5.14
樂巢代   93   55219.8000   1.68
大塊瑪奇朵   179   83161.0000   2.15
惠宇天晴   117   84632.0000   1.38
大塊曼特寧   124   95781.2000   1.29
GO威   15   39741.0000   0.38
移動方城   279   71300.8000   3.91
富宇六藝   124   80506.0000   1.54
豐邑新竹一號   107   78288.0000   1.37
煙波A1   122   55240.0000   2.21
昌益金澤21   315   114773.0000   2.74
親家Q1   106   95075.0000   1.11
豐邑一第   121   94384.5000   1.28
上品院   445   63635.0000   6.99
貝森朵夫   376   65726.0000   5.72
夏之悅   117   53009.0000   2.21
鴻築MM21   226   58535.2500   3.86
夏川里美   116   77655.0000   1.49
昌禾沐曦   382   75297.0000   5.07
中陽樓擇院   107   85334.0000   1.25
喬立悅容   124   91499.0000   1.36
進化論   125   67728.0000   1.85
LaMore   18   57164.0000   0.31
江山朵夫   467   63605.0000   7.34
煙波casa   187   56457.6667   3.31
富宇君鼎   115   92127.5000   1.25
植森園   50   53822.0000   0.93
坤山上謙   119   109832.0000   1.08
遠百城品   449   87030.0000   5.16
法朵   222   89394.6667   2.48
金凡斯   94   57873.0000   1.62
新巢代   142   80635.0000   1.76
惠宇青雲   143   104937.0000   1.36
豐邑1極   111   93262.8000   1.19
相對論   119   81413.4000   1.46
綠光金澤   293   82584.5000   3.55
亞哥靜界   121   91148.5000   1.33
橘園   140   78793.6667   1.78
菁英典藏   149   74690.8000   1.99
敦峰   114   91306.0000   1.25
